M107 39C115 39 114 41 114 46 114 56 114 66 114 76 114 82 114 82 109 82 103.3333 82 97.6667 82 91 82 86 82 86 82 86 77 86 73.3333 86 69.6667 86 66 86 61 86 61 82 61 78.3333 61 74.6667 61 71 61 67 61 67 61 67 65 67 70.6667 67 76.3333 67 82 67 85 67 85 71 85 80 85 80 85 80 90 80 102 80 102 74 102 68 102 68 102 68 108 68 113 68 118 68 123 68 128 68 128 76 128 84 128 84 128 84 123 84 119 84 115 84 111 84 104 84 104 91 104 96.6667 104 102.3333 104 108 104 115 104 115 104 115 112 115 123.3333 115 134.6667 115 146 115 152 115 152 108 152 82.3333 152 56.6667 152 31 152 23 152 23 152 23 140 23 128 23 128 30 128 30 107.3333 30 86.6667 30 66 30 61 30 61 23 61 23 53.6667 23 46.3333 23 43 23 38 23 38 28 38 54.3333 38.3333 80.6667 38.6667 107 39
--------------------------------------------------------------eeeeeeeeeeeeeeeeeeeeeeeeeeeee-----------------------------------------------------------------------
M103 38C111.3333 70.3333 119.6667 102.6667 128 135 130 141 130 143 133 143 137 143 137 143 137 148 137 154 137 160 137 166 137 172 137 172 132 172 114.6667 172 97.3333 172 77 172 73 172 73 172 73 167 73 160.3333 73 153.6667 73 147 73 144 73 144 77 144 84 144 83 143 81 132 80 129 80 128 78 128 71.6667 128 65.3333 128 59 128 56 128 56 128 55 132 53 142 51 143 59 143 64 143 64 143 64 147 64 153.3333 64 159.6667 64 166 64 172 64 172 60 172 44.6667 172 29.3333 172 14 172 9 172 9 172 9 168 9 161 9 154 9 147 9 143 9 143 12 143 17 143 16 141 18 134 26 101.6667 34 69.3333 42 37 43 34 42 34 45 34 63 34 81 34 99 34 103 34 102 34 103 38M72 89C76 111 76 109 69 109 58 109 60 109 63 89 68 64 68 64 72 89
----------------------------------aaaaaaaaaaaaaaaaaaaaaaaaaaaaaaaaaaaaaaaaaa------------------------------------------------------------------------------------------
M32 40C56.3333 40 80.6667 40 107 40 142 52 142 95 110 101 107 101 107 105 110 105 143 111 145 154 111 164 84 164.6667 57 165.3333 30 166 24 166 24 166 24 161 24 156.3333 24 151.6667 24 147 24 140 24 140 27 140 31 140 31 140 31 136 31 113.6667 31 91.3333 31 69 31 66 31 66 27 66 24 66 24 66 24 63 24 56 24 49 24 42 24 40 24 40 32 40M86 112C95 118 95 133 86 140 82.3333 140 78.6667 140 75 140 73 140 73 140 73 138 73 130 73 122 73 114 73 112 73 112 74 112 78 112 82 112 86 112M86 93C90 92 97 73 86 66 82.6667 66 79.3333 66 76 66 73 66 73 66 73 67 73 75.3333 73 83.6667 73 92 73 93 73 93 74 93 78 93 82 93 86 93
-------------------------------------bbbbbbbbbbbbbbbbbbbbbbbbbbbbbbbbbbbbbbb---------------------------------------------------------------------------------------
M32 40C56.3333 40 80.6667 40 107 40 142 52 142 95 110 101 107 101 107 105 110 105 143 111 145 154 111 164 84 164.6667 57 165.3333 30 166 24 166 24 166 24 161 24 156.3333 24 151.6667 24 147 24 140 24 140 27 140 31 140 31 140 31 136 31 113.6667 31 91.3333 31 69 31 66 31 66 27 66 24 66 24 66 24 63 24 56 24 49 24 42 24 40 24 40 32 40M86 112C95 118 95 133 86 140 82.3333 140 78.6667 140 75 140 73 140 73 140 73 138 73 130 73 122 73 114 73 112 73 112 74 112 78 112 82 112 86 112M86 93C90 92 97 73 86 66 82.6667 66 79.3333 66 76 66 73 66 73 66 73 67 73 75.3333 73 83.6667 73 92 73 93 73 93 74 93 78 93 82 93 86 93
-------------------------------------------ccccccccccccccccccccccccccccccccccccccccccccccc-------------------------------------------------------------------
M128 43C94 27 58 15 28 43 6 65-11 134 32 172 68 197 104 186 128 173 128 155.3333 128 137.6667 128 120 115 120 102 120 89 120 89 128 89 136 89 144 82 150 74 155 64 144 64 120.3333 64 96.6667 64 73 71 57 87 66 87 73 87 78 87 83 87 88 100.6667 88 114.3333 88 128 88 128 73 128 58 128 43
-------------------------------------------------------ddddddddddddddddddddddddddddddddd----------------------------------------------------------------------
M89 21C158 37 137 153 91 150 66.3333 150 41.6667 150 17 150 11 150 11 150 11 147 11 140.6667 11 134.3333 11 128 11 124 11 124 16 124 21 124 21 124 21 119 21 96 21 73 21 50 21 48 21 48 15 48 11 48 11 48 11 43 11 36.6667 11 30.3333 11 24 11 21 11 21 15 21 39.6667 21 64.3333 21 89 21M77 48C89 46 88 124 76 124 73 124 70 124 67 124 64 124 64 124 64 120 64 97.3333 64 74.6667 64 52 64 48 64 48 77 48
-----------------------------------------------------------fffffffffffffffffffffffffffffffffffffffff-----------------------------------------------------
M28 29C58.3333 29 88.6667 29 119 29 124 29 124 29 124 32 124 44.6667 124 57.3333 124 70 124 74 124 74 120 74 112.6667 74 105.3333 74 98 74 95 74 95 74 95 70 95 57 95 57 89 57 81 57 81 57 81 70 81 89 81 89 92 89 105 89 105 89 105 96 105 107 105 107 93 107 80 107 80 107 80 116 80 122 80 128 80 134 80 139 80 139 84 139 88.3333 139 92.6667 139 97 139 101 139 101 139 101 143 101 150 101 157 101 164 101 166 101 166 99 166 76 166 53 166 30 166 25 166 25 166 25 162 25 155 25 148 25 141 25 137 25 137 29 137 34 137 34 137 34 133 34 109 34 85 34 61 34 57 34 57 29 57 25 57 25 57 25 53 25 46.3333 25 39.6667 25 33 25 29 25 29 28 29
----------------------------------------------------------g-gggggggggggggggggggggggggggggggggg-------------------------------------------------------------------
M42 28C4 44-1 139 41 160 86 178 107 163 123 152 123 140.3333 123 128.6667 123 117 130 117 130 117 130 111 130 104.3333 130 97.6667 130 91 112 91 94 91 76 91 76 97.6667 76 104.3333 76 111 76 117 76 117 79 117 80.3333 117 81.6667 117 83 117 83 121.3333 83 125.6667 83 130 78 135 68 135 61 130 61 107 61 84 61 61 67 53 80 53 85 61 85 66 85 71 85 76 97.6667 76 110.3333 76 123 76 123 62.6667 123 49.3333 123 36 106 23 76 18 42 28
-------------------------------------------hhhhhhhhhhhhhhhhhhhhhh--------------------------------------------------------------------------------------
M130 29C136 29 136 29 136 34 136 40 136 46 136 52 136 56 136 56 131 56 127 56 127 56 127 60 127 81.3333 127 102.6667 127 124 127 130 127 130 131 130 136 130 136 130 136 134 136 140.3333 136 146.6667 136 153 136 157 136 157 130 157 114 157 98 157 82 157 77 157 77 157 77 153 77 146.6667 77 140.3333 77 134 77 130 77 130 80 130 84 130 84 130 84 126 84 119 84 112 84 105 84 102 84 102 74 102 61 102 61 102 61 106 61 112.6667 61 119.3333 61 126 61 130 61 130 64 130 68 130 68 130 68 134 68 141 68 148 68 155 68 157 68 157 65 157 48 157 31 157 14 157 10 157 10 157 10 154 10 147 10 140 10 133 10 129 10 129 13 129 18 129 18 129 18 126 18 104 18 82 18 60 18 56 18 56 14 56 10 56 10 56 10 52 10 45.3333 10 38.6667 10 32 10 28 10 28 13 28 29.3333 28 45.6667 28 62 28 68 28 68 28 68 31 68 38.3333 68 45.6667 68 53 68 55 68 55 64 55 59 55 59 55 59 59 59 83 59 83 71 83 84 83 84 83 84 70 84 55 84 55 80 55 77 55 77 55 77 51 77 44.6667 77 38.3333 77 32 77 28 77 28 81 28 97.3333 28.3333 113.6667 28.6667 130 29
-----------------------------------------------------iiiiiiiiiiiiiiiiiiiiiiiiiiiiiiiiiiiii-------------------------------------------------------------------
M92 25C103 25 103 25 103 32 103 37 103 42 103 47 103 56 103 56 98 56 93 56 93 56 93 61 93 86.3333 93 111.6667 93 137 93 143 93 143 97 143 103 143 103 143 103 147 103 154 103 161 103 168 103 174 103 174 99 174 78 174 57 174 36 174 32 174 32 174 32 170 32 161.6667 32 153.3333 32 145 32 142 32 142 35 142 43 142 43 142 43 137 43 111.6667 43 86.3333 43 61 43 55 43 55 38 55 32 55 32 55 32 51 32 43.6667 32 36.3333 32 29 32 25 32 25 34 25 53.3333 25 72.6667 25 92 25
---------------------------------------------------------jjjjjjjjjjjjjjjjjjjjjjjjjjjjj---------------------------------------------------------------------
M107 25C110 25 110 25 110 30 110 37.3333 110 44.6667 110 52 110 56 110 56 105 56 100 56 100 56 100 61 100 86.6667 100 112.3333 100 138 101 172 75 190 20 175 20 164.6667 20 154.3333 20 144 34 149 47 146 49 134 49.3333 109.6667 49.6667 85.3333 50 61 50 56 50 56 38 56 30 56 30 56 30 51 30 43.6667 30 36.3333 30 29 30 25 30 25 33 25 57.6667 25 82.3333 25 107 25
--------------------------------------------------------------kkkkkkkkkkkkkkkkkkkkkkkkkkkkkkkkkkkkkkk--------------------------------------------------------
M18 46C18 41 18 41 23 41 35.6667 41 48.3333 41 61 41 66 41 66 41 66 47 66 59.3333 66 71.6667 66 84 75.3333 69.6667 84.6667 55.3333 94 41 104.6667 41 115.3333 41 126 41 132 41 132 41 132 46 132 51 132 56 132 61 132 66 132 66 125 66 117.6667 77 110.3333 88 103 99 111 112 119 125 127 138 134 138 134 138 134 143 134 149 134 155 134 161 134 165 134 165 129 165 116.3333 165 103.6667 165 91 165 83 150.3333 75 135.6667 67 121 67 133 67 145 67 157 67 165 67 165 61 165 48 165 35 165 22 165 17 165 17 165 17 160 17 154.3333 17 148.6667 17 143 17 138 17 138 21 138 26 138 26 138 26 132 26 112 26 92 26 72 26 66 26 66 21 66 18 66 18 66 18 61 18 56 18 51 18 46
----------------------------------------------------------------llllllllllllllllllllllllllllllllll----------------------------------------------
M22 28C22 22 22 22 26 22 47 22 68 22 89 22 95 22 95 22 95 28 95 34.6667 95 41.3333 95 48 95 52 95 52 89 52 78 52 78 52 78 57 78 80.6667 78 104.3333 78 128 78 133 78 133 82 133 93 133 93 133 93 128 93 117 93 117 98 117 105 117 112 117 119 117 126 117 126 117 126 125 126 135 126 145 126 155 126 162 126 162 119 162 88.6667 162 58.3333 162 28 162 22 162 22 162 22 155 22 149.3333 22 143.6667 22 138 22 133 22 133 27 133 33 133 33 133 33 127 33 103.3333 33 79.6667 33 56 33 51 33 51 27 51 22 51 22 51 22 47 22 40.6667 22 34.3333 22 28
-----------------------------------------------------------------------mmmmmmmmmmmmmmmmmmmmmmmmmmmmmmmmmmmmmm-----------------------------------------------------
M50 33C65.6667 33 81.3333 33 97 33 101 45.3333 105 57.6667 109 70 113 57.6667 117 45.3333 121 33 135.6667 33 150.3333 33 165 33 169 33 169 33 169 37 169 40.6667 169 44.3333 169 48 169 51 169 51 166 51 163 51 163 51 163 54 163 69.3333 163 84.6667 163 100 163 104 163 104 166 104 169 104 169 104 169 107 169 111 169 115 169 119 169 122 169 122 165 122 153 122 141 122 129 122 127 122 127 122 127 120 127 115.3333 127 110.6667 127 106 127 103 127 103 130 103 133 103 133 103 133 100 133 86.6667 133 73.3333 133 60 126 80.3333 119 100.6667 112 121 108.6667 121 105.3333 121 102 121 93.6667 99.6667 85.3333 78.3333 77 57 77 71 77 85 77 99 77 103 77 103 80 103 84 103 84 103 84 108 84 111.3333 84 114.6667 84 118 84 121 84 121 80 121 69.6667 121 59.3333 121 49 121 47 121 47 121 47 118 47 114 47 110 47 106 47 103 47 103 50 103 53 103 53 103 53 100 53 84.6667 53 69.3333 53 54 53 51 53 51 50 51 47 51 47 51 47 47 47 43.3333 47 39.6667 47 36 47 33 47 33 50 33
------------------------------------------------------------------nnnnnnnnnnnnnnnnnnnnnnnnnnnnnnnnnnnnnnnnnn------------------------------------------------
M17 45C31.3333 45 45.6667 45 60 45 71.3333 63 82.6667 81 94 99 94 89.6667 94 80.3333 94 71 94 67 94 67 91 67 87 67 87 67 87 64 87 59 87 54 87 49 87 45 87 45 91 45 103 45 115 45 127 45 130 45 130 45 130 49 130 54.3333 130 59.6667 130 65 130 67 130 67 126 67 123 67 123 67 123 70 123 95.3333 123 120.6667 123 146 123 151 123 151 118 151 108 151 98 151 88 151 75.6667 130.3333 63.3333 109.6667 51 89 51 101 51 113 51 125 51 129 51 129 54 129 58 129 58 129 58 134 58 138 58 142 58 146 58 150 58 150 52 150 40.3333 150 28.6667 150 17 150 14 150 14 150 14 145 14 140.6667 14 136.3333 14 132 14 128 14 128 17 128 22 128 22 128 22 125 22 106.6667 22 88.3333 22 70 22 67 22 67 17 67 13 67 13 67 13 62 13 57.6667 13 53.3333 13 49 13 45 13 45 17 45
-----------------------------------------------------------------------oooooooooooooooooooooooooooooo--------------------------------------------------
M19 53C52 21 84 21 115 50 132 74 131 110 116 141 100 175 43 174 20 141 3 102 7 87 19 53M57 66C58 55 77 55 78 66 77.6667 86.6667 77.3333 107.3333 77 128 75 138 61 138 57 128 57 107.3333 57 86.6667 57 66
----------------------------------------------------------------------------ppppppppppppppppppppppppppppppppp-------------------------------------------------------
M23 31C46 31 69 31 92 31 135 32 132 105 93 105 86 105 79 105 72 105 67 105 67 105 67 117 67 129 67 129 73 129 82 129 82 129 82 135 82 140 82 145 82 150 82 155 82 155 74 155 57.3333 155 40.6667 155 24 155 18 155 18 155 18 142 18 129 18 129 22 129 27 129 27 129 27 122 27 101.6667 27 81.3333 27 61 27 57 27 57 21 57 17 57 17 57 17 51 17 45.6667 17 40.3333 17 35 17 31 17 31 23 31M76 57C84 62 83 79 76 83 68 83 68 84 68 72 68 57 68 57 76 57
---------------------------------------------------------------------------------qqqqqqqqqqqqqqqqqqqqqqqqqqqq--------------------------------------
M22 43C38 20 91 19 108 39 127 56 126 112 106 122 103 122 103 127 106 127 112 127 118 127 124 127 124 139.3333 124 151.6667 124 164 106 169 86 168 61 165 50 160 39 157 28 145 10 129-2 84 22 43M54 61C59 51 71 50 76 62 76 81 76 100 76 119 73 129 58 129 54 119 54.6667 99.6667 54.3333 80.3333 54 61
------------------------------------------rrrrrrrrrrrrrrrrrrrrrrrrrrrrrrrrrrrrrrrrrrrr---------------------------------------------------------------------
M19 28C45 28 71 28 97 28 136 38 131 85 110 94 110 95.3333 110 96.6667 110 98 128 98 125 122 125 129 131 129 131 129 131 134 131 139.6667 131 145.3333 131 151 131 155 131 155 124 155 111 155 98 155 85 155 85 139.6667 85 124.3333 85 109 81 103 81 100 65 100 65 109.6667 65 119.3333 65 129 76 129 76 129 76 136 76 141.3333 76 146.6667 76 152 76 155 76 155 71 155 54 155 37 155 20 155 13 155 13 155 13 141 13 128 13 128 19 128 25 128 25 128 25 123 25 102 25 81 25 60 25 54 25 54 20 54 14 54 14 54 14 47 14 42.3333 14 37.6667 14 33 14 28 14 28 19 28
----------------------------------------=ttttttttttttttttttttttttttttttttttttttttttttttt----------------------------------------------------------
M14 29C14 25 14 25 17 25 59 25 91 25 131 25 138 25 138 25 138 33 138 43 138 53 138 63 138 68 138 68 130 68 111 68 111 68 111 64 111 54 111 54 106 54 98 54 98 54 98 60 98 83.6667 98 107.3333 98 131 98 137 98 137 104 137 110 137 110 137 110 142 110 165 110 165 104 165 85.3333 165 66.6667 165 48 165 42 165 42 165 42 158 42 152.3333 42 146.6667 42 141 42 136 42 136 46 136 54 136 54 136 54 129 54 106.3333 54 83.6667 54 61 54 55 54 55 48 55 41 55 41 55 41 60 41 67 41 67 34 67 14 67 14 67 14 63 14 51.6667 14 40.3333 14 29
--------------------------------------------------uuuuuuuuuuuuuuuuuuuuuuuuuuuuuuuuuuuuuuuuuuuu----------------------------------------------
M121 128C108 175 41 175 24 128 23.6667 104.6667 23.3333 81.3333 23 58 23 52 23 52 17 52 12 52 12 52 12 39 12 25 12 25 17 25 34.6667 25 52.3333 25 70 25 70 34 70 43 70 52 64 52 64 52 64 57 64 79 64 101 64 123 68 131 80 131 83 123 83 101.3333 83 79.6667 83 58 83 52 83 52 77 52 77 43 77 34 77 25 93.6667 25 110.3333 25 127 25 131 25 131 25 131 37 131 52 131 52 126 52 121 52 121 52 121 58 121 81.6667 121 105.3333 121 128
------------------------------------------------vvvvvvvvvvvvvvvvvvvvvvvvvv-----------------------------------------------------------------
M45 161C62.6667 161 80.3333 161 98 161 106 128.6667 114 96.3333 122 64 123 60 123 60 125 59 129 59 129 59 129 52 129 47 129 42 129 37 129 33 129 33 125 33 111 33 97 33 83 33 79 33 79 33 79 37 79 43 79 49 79 55 79 59 79 59 82 59 83.6667 59 85.3333 59 87 59 83.3333 80.6667 79.6667 102.3333 76 124 72 102.3333 68 80.6667 64 59 72 59 72 59 72 55 72 49.3333 72 43.6667 72 38 72 33 72 33 68 33 51.3333 33 34.6667 33 18 33 14 33 14 33 14 36 14 42.6667 14 49.3333 14 56 14 60 14 60 16 60 18 60 19 61 20 64 28.3333 96 36.6667 128 45 161
--------------------------------------------------wwwwwwwwwwwwwwwwwwwwwwwwwwwwwwwwwwwwwwwwwwwwww---------------------------------------------------------
M-8 39C-8 35-8 35-4 35 7.6667 35 19.3333 35 31 35 34 35 34 35 34 41 34 44.3333 34 47.6667 34 51 34 55 34 55 31 55 29.6667 55 28.3333 55 27 55 29 69.6667 31 84.3333 33 99 37.3333 78 41.6667 57 46 35 56.3333 35 66.6667 35 77 35 81 56.3333 85 77.6667 89 99 91.3333 84.3333 93.6667 69.6667 96 55 88 55 88 55 88 52 88 47.3333 88 42.6667 88 38 88 35 88 35 92 35 102 35 112 35 122 35 126 35 126 35 126 39 126 43 126 47 126 51 126 54 126 54 121 54 116.6667 78 112.3333 102 108 126 96 126 84 126 72 126 68 110 64 94 60 78 56 94 52 110 48 126 36 126 24 126 12 126 6.3333 102.6667.6667 79.3333-4 56-8 56-8 56-8 53-8 48.3333-8 43.6667-8 39
----------------------------------------------------xxxxxxxxxxxxxxxxxxxxxxxxxxxxx---------------------------------------------------------------------------
M26 42C38 42 50 42 62 42 65.6667 53 69.3333 64 74 76 77.6667 64.6667 81.3333 53.3333 85 42 97.3333 42 109.6667 42 123 42 123 49 123 56 123 63 123 66 123 66 116 66 111 76.3333 106 86.6667 101 97 106.3333 108.3333 111.6667 119.6667 117 131 123 131 123 131 123 136 123 140.6667 123 145.3333 123 150 123 154 123 154 119 154 106.3333 154 93.6667 154 81 154 77.3333 142 73.6667 130 70 118 65.3333 129.6667 60.6667 141.3333 56 153 44.6667 153 33.3333 153 22 153 19 153 19 153 19 149 19 144.3333 19 139.6667 19 135 19 131 19 131 25 131 30 120 35 109 40 98 35 88 30 78 25 68 19 68 19 68 19 64 19 58.3333 19 52.6667 19 47 19 42 19 42 26 42
----------------------------------------------zzzzzzzzzzzzzzzzzzzzzzzzzzzzz------------------------------------------------------------------------
M15 42C15 37 15 37 20 37 35.6667 37 51.3333 37 67 37 71 37 71 37 71 43 71 48.6667 71 54.3333 71 60 71 63 71 63 65 63 68 72 71 81 74 90 77.3333 81.6667 80.6667 73.3333 85 63 80 63 80 63 80 59 80 53.3333 80 47.6667 80 42 80 37 80 37 86 37 97 37 108 37 119 37 124 37 124 37 124 44 124 48.6667 124 53.3333 124 58 124 63 124 63 118 63 108.6667 81.3333 99.3333 99.6667 90 118 90 123.6667 90 129.3333 90 135 90 137 90 137 94 137 98 137 98 137 98 143 98 147.6667 98 152.3333 98 157 98 162 98 162 92 162 76.3333 162 60.6667 162 45 162 40 162 40 162 40 156 40 151 40 146 40 141 40 137 40 137 49 137 49 130.6667 49 124.3333 49 118 39.3333 100 29.6667 82 20 64 15 63 15 63 15 59 15 53.6667 15 48.3333 15 42
----------------------------------------zzzzzzzzzzzzzzzzzzzzzzzzzzzzzzzzz-----------------------------------
M18 33C18 27 18 27 26 27 55 27 84 27 113 27 118 27 118 27 118 34 118 40.3333 118 46.6667 118 53 101.6667 79.3333 85.3333 105.6667 68 134 74 134 80 134 86 134 91 134 91 134 91 126 91 120 91 120 105 120 120 120 120 120 120 126 120 135.6667 120 145.3333 120 155 120 161 120 161 113 161 82 161.3333 51 161.6667 20 162 15 162 15 162 15 156 15 149.3333 15 142.6667 15 136 32 109 49 82 66 55 60.6667 55 55.3333 55 50 55 50 67 50 67 43 67 18 67 18 67 18 62 18 52.3333 18 42.6667 18 33


